1333209971659112529
1131677854313226392
159985870458322944
1278840392070201397
1250529363318018189
235148962103951360
1153421939084378194
996720881139204136
437808476106784770
902979959407124572
1052415589995516014
1242971452144222238
1236250941045477407
874454467129512007
1037906313193197578
1324114763596435468
1166621793776320543
1215038675335913542
1287277850574983198
1248091287882825728
727572298101686323
1268510563021885563
818195996290449418
1330718970457882726
1238154315324194837
1312262831596376074
1241816525799817258
510016054391734273
852921833266348093
1149115870057091113
713453161762914396
294882584201003009
1323590694320734220
1337864793553637479
811680002139226193
1161456435792715777
720351927581278219
1337459039814287482
853327905357561948
1307927460267954200
1246229149723398181
1222311494042124429
1192945960528138250
1202050590998528010
779856644766826496
1188113453680959510
899592792647540747
1066031937094959175
1292942847988731997
1145294546062823424
1274742698557050995
893981691834662923
1128447757192007720
1331764986594197507
